Hello World!

-------------

-------------


-------------
K#0#(0.21, 1.57, 1.53)#(0.14, 1.48, 1.56)#(0.11, 1.42, 1.59)#(-0.02, 1.38, 1.52)#(0.25, 1.33, 1.65)#(-0.15, 1.16, 1.47)#(0.28, 1.11, 1.68)#(-0.05, 0.95, 1.35)#(0.25, 0.97, 1.47)#(-0.01, 0.91, 1.33)#(0.22, 0.95, 1.42)#(0.03, 0.93, 1.31)#(0.20, 0.97, 1.41)#(0.01, 0.89, 1.33)#(0.19, 0.92, 1.38)#(0.04, 1.24, 1.67)#(-0.12, 1.00, 1.71)#(0.01, 0.97, 1.77)#(-0.04, 0.95, 1.39)#(0.22, 0.95, 1.52)#(-0.10, 0.63, 1.60)#(0.10, 0.64, 1.71)#(-0.14, 0.61, 1.57)#(0.14, 0.61, 1.69)#(-0.06, 0.99, 1.77)#+
-------------


-------------
K#0#(0.07, 1.85, 1.55)#(0.14, 1.74, 1.57)#(0.14, 1.69, 1.59)#(-0.02, 1.67, 1.51)#(0.31, 1.75, 1.64)#(-0.07, 1.45, 1.51)#(0.32, 1.50, 1.67)#(-0.04, 1.17, 1.50)#(0.27, 1.30, 1.61)#(-0.04, 1.10, 1.49)#(0.25, 1.25, 1.61)#(-0.01, 1.10, 1.46)#(0.20, 1.27, 1.61)#(-0.05, 1.04, 1.49)#(0.22, 1.17, 1.58)#(0.13, 1.55, 1.67)#(0.04, 1.33, 1.71)#(0.19, 1.36, 1.75)#(-0.05, 1.12, 1.55)#(0.24, 1.12, 1.61)#(-0.09, 0.62, 1.66)#(0.27, 0.62, 1.66)#(-0.15, 0.61, 1.61)#(0.28, 0.61, 1.59)#(0.12, 1.35, 1.76)#+
-------------


-------------
K#0#(0.33, 1.45, 1.45)#(0.26, 1.34, 1.48)#(0.24, 1.30, 1.51)#(0.10, 1.25, 1.46)#(0.37, 1.21, 1.57)#(-0.09, 1.10, 1.47)#(0.40, 1.09, 1.70)#(0.11, 0.93, 1.35)#(0.33, 0.94, 1.47)#(0.15, 0.89, 1.29)#(0.36, 0.94, 1.40)#(0.17, 0.92, 1.28)#(0.33, 0.93, 1.40)#(0.19, 0.85, 1.29)#(0.39, 0.91, 1.39)#(0.18, 1.15, 1.60)#(0.03, 0.96, 1.65)#(0.18, 0.92, 1.70)#(0.12, 0.93, 1.38)#(0.35, 0.96, 1.47)#(0.08, 0.64, 1.57)#(0.24, 0.64, 1.63)#(0.04, 0.61, 1.51)#(0.29, 0.60, 1.58)#(0.11, 0.94, 1.70)#+
-------------


-------------
K#0#(0.22, 1.82, 1.56)#(0.19, 1.70, 1.53)#(0.20, 1.65, 1.56)#(0.04, 1.64, 1.49)#(0.38, 1.67, 1.59)#(0.00, 1.41, 1.44)#(0.42, 1.41, 1.59)#(0.06, 1.24, 1.38)#(0.39, 1.16, 1.50)#(0.07, 1.19, 1.38)#(0.38, 1.11, 1.48)#(0.07, 1.12, 1.35)#(0.35, 1.10, 1.46)#(0.12, 1.10, 1.35)#(0.36, 1.03, 1.43)#(0.22, 1.50, 1.62)#(0.16, 1.27, 1.65)#(0.31, 1.29, 1.69)#(0.11, 1.06, 1.42)#(0.35, 1.03, 1.48)#(0.08, 0.62, 1.56)#(0.24, 0.63, 1.63)#(0.04, 0.61, 1.51)#(0.30, 0.60, 1.60)#(0.24, 1.29, 1.70)#+
-------------


-------------
K#0#(0.34, 1.86, 1.51)#(0.37, 1.74, 1.50)#(0.37, 1.70, 1.52)#(0.21, 1.70, 1.49)#(0.56, 1.73, 1.53)#(0.12, 1.52, 1.46)#(0.61, 1.47, 1.56)#(0.10, 1.33, 1.45)#(0.56, 1.28, 1.52)#(0.09, 1.31, 1.46)#(0.56, 1.27, 1.54)#(0.12, 1.31, 1.44)#(0.52, 1.26, 1.53)#(0.08, 1.27, 1.46)#(0.53, 1.19, 1.52)#(0.36, 1.55, 1.59)#(0.28, 1.34, 1.65)#(0.42, 1.36, 1.65)#(0.16, 1.12, 1.53)#(0.45, 1.13, 1.51)#(0.08, 0.64, 1.59)#(0.48, 0.62, 1.58)#(0.05, 0.63, 1.52)#(0.52, 0.61, 1.51)#(0.36, 1.36, 1.67)#+
-------------


-------------
K#0#(0.38, 1.91, 1.49)#(0.42, 1.80, 1.48)#(0.43, 1.76, 1.50)#(0.26, 1.80, 1.56)#(0.61, 1.78, 1.47)#(0.21, 1.62, 1.60)#(0.70, 1.60, 1.49)#(0.16, 1.42, 1.54)#(0.68, 1.41, 1.45)#(0.15, 1.36, 1.55)#(0.68, 1.36, 1.47)#(0.16, 1.35, 1.52)#(0.64, 1.35, 1.47)#(0.14, 1.29, 1.53)#(0.67, 1.28, 1.48)#(0.44, 1.61, 1.55)#(0.37, 1.40, 1.59)#(0.51, 1.40, 1.56)#(0.35, 1.09, 1.53)#(0.51, 1.09, 1.53)#(0.36, 0.62, 1.59)#(0.51, 0.62, 1.59)#(0.33, 0.61, 1.50)#(0.51, 0.61, 1.51)#(0.45, 1.41, 1.60)#+
-------------


-------------
K#0#(0.32, 1.98, 1.62)#(0.35, 1.87, 1.62)#(0.35, 1.82, 1.63)#(0.16, 1.88, 1.71)#(0.50, 1.84, 1.59)#(0.12, 1.66, 1.76)#(0.60, 1.66, 1.59)#(0.08, 1.46, 1.73)#(0.61, 1.46, 1.55)#(0.07, 1.41, 1.73)#(0.60, 1.40, 1.55)#(0.05, 1.42, 1.72)#(0.56, 1.41, 1.55)#(0.07, 1.34, 1.72)#(0.60, 1.34, 1.55)#(0.36, 1.67, 1.66)#(0.29, 1.46, 1.69)#(0.42, 1.46, 1.64)#(0.27, 1.15, 1.68)#(0.45, 1.16, 1.59)#(0.27, 0.62, 1.79)#(0.51, 0.61, 1.59)#(0.22, 0.61, 1.73)#(0.52, 0.61, 1.51)#(0.36, 1.47, 1.69)#+
-------------


-------------
K#0#(0.31, 2.01, 1.67)#(0.34, 1.89, 1.66)#(0.34, 1.84, 1.67)#(0.18, 1.92, 1.79)#(0.47, 1.81, 1.61)#(0.13, 1.67, 1.85)#(0.61, 1.63, 1.60)#(0.08, 1.49, 1.81)#(0.48, 1.42, 1.56)#(0.08, 1.43, 1.81)#(0.48, 1.37, 1.56)#(0.05, 1.43, 1.81)#(0.44, 1.38, 1.56)#(0.07, 1.36, 1.81)#(0.46, 1.31, 1.56)#(0.34, 1.69, 1.69)#(0.28, 1.45, 1.71)#(0.39, 1.46, 1.66)#(0.29, 1.14, 1.69)#(0.41, 1.16, 1.63)#(0.27, 0.62, 1.78)#(0.49, 0.78, 1.68)#(0.27, 0.61, 1.69)#(0.44, 0.76, 1.59)#(0.34, 1.46, 1.71)#+
-------------


-------------
K#0#(0.00, 0.00, 0.00)#(0.00, 0.00, 0.00)#(0.00, 0.00, 0.00)#(0.00, 0.00, 0.00)#(0.00, 0.00, 0.00)#(0.00, 0.00, 0.00)#(0.00, 0.00, 0.00)#(0.00, 0.00, 0.00)#(0.00, 0.00, 0.00)#(0.00, 0.00, 0.00)#(0.00, 0.00, 0.00)#(0.00, 0.00, 0.00)#(0.00, 0.00, 0.00)#(0.00, 0.00, 0.00)#(0.00, 0.00, 0.00)#(0.00, 0.00, 0.00)#(0.00, 0.00, 0.00)#(0.00, 0.00, 0.00)#(0.00, 0.00, 0.00)#(0.00, 0.00, 0.00)#(0.00, 0.00, 0.00)#(0.00, 0.00, 0.00)#(0.00, 0.00, 0.00)#(0.00, 0.00, 0.00)#(0.00, 0.00, 0.00)#+
-------------


-------------
K#0#(0.00, 0.00, 0.00)#(0.00, 0.00, 0.00)#(0.00, 0.00, 0.00)#(0.00, 0.00, 0.00)#(0.00, 0.00, 0.00)#(0.00, 0.00, 0.00)#(0.00, 0.00, 0.00)#(0.00, 0.00, 0.00)#(0.00, 0.00, 0.00)#(0.00, 0.00, 0.00)#(0.00, 0.00, 0.00)#(0.00, 0.00, 0.00)#(0.00, 0.00, 0.00)#(0.00, 0.00, 0.00)#(0.00, 0.00, 0.00)#(0.00, 0.00, 0.00)#(0.00, 0.00, 0.00)#(0.00, 0.00, 0.00)#(0.00, 0.00, 0.00)#(0.00, 0.00, 0.00)#(0.00, 0.00, 0.00)#(0.00, 0.00, 0.00)#(0.00, 0.00, 0.00)#(0.00, 0.00, 0.00)#(0.00, 0.00, 0.00)#+
-------------


-------------

-------------


-------------
K#0#(-0.16, 1.66, 1.33)#(-0.09, 1.71, 1.30)#(-0.08, 1.67, 1.33)#(-0.03, 1.72, 1.30)#(0.07, 1.79, 1.49)#(-0.22, 1.55, 1.28)#(0.08, 1.61, 1.60)#(-0.23, 1.39, 1.27)#(0.01, 1.49, 1.44)#(-0.20, 1.37, 1.28)#(0.01, 1.43, 1.43)#(-0.24, 1.40, 1.25)#(0.00, 1.46, 1.38)#(-0.19, 1.34, 1.29)#(-0.01, 1.37, 1.40)#(-0.07, 1.52, 1.40)#(-0.06, 1.30, 1.42)#(-0.03, 1.32, 1.47)#(-0.12, 0.94, 1.31)#(0.06, 0.96, 1.46)#(-0.17, 0.62, 1.40)#(-0.05, 0.63, 1.52)#(-0.14, 0.60, 1.34)#(0.01, 0.61, 1.51)#(-0.05, 1.31, 1.48)#+
-------------


-------------
K#0#(-0.29, 1.59, 1.42)#(-0.22, 1.63, 1.42)#(-0.22, 1.59, 1.43)#(-0.17, 1.63, 1.40)#(-0.11, 1.71, 1.50)#(-0.28, 1.53, 1.30)#(-0.08, 1.53, 1.57)#(-0.18, 1.37, 1.31)#(-0.18, 1.48, 1.36)#(-0.18, 1.34, 1.34)#(-0.22, 1.44, 1.29)#(-0.16, 1.37, 1.32)#(-0.23, 1.49, 1.27)#(-0.15, 1.29, 1.34)#(-0.24, 1.44, 1.27)#(-0.20, 1.47, 1.47)#(-0.20, 1.29, 1.48)#(-0.15, 1.29, 1.49)#(-0.21, 0.97, 1.35)#(-0.15, 0.98, 1.71)#(-0.25, 0.62, 1.35)#(-0.25, 0.64, 1.84)#(-0.18, 0.61, 1.30)#(-0.20, 0.61, 1.80)#(-0.18, 1.29, 1.51)#+
-------------


-------------
K#0#(-0.27, 1.95, 1.73)#(-0.22, 1.95, 1.76)#(-0.22, 1.89, 1.77)#(-0.18, 1.95, 1.76)#(-0.11, 2.02, 1.86)#(-0.24, 1.74, 1.67)#(-0.21, 1.86, 1.72)#(-0.25, 1.52, 1.61)#(-0.23, 1.64, 1.65)#(-0.27, 1.45, 1.63)#(-0.22, 1.63, 1.70)#(-0.24, 1.45, 1.64)#(-0.18, 1.62, 1.70)#(-0.28, 1.41, 1.57)#(-0.22, 1.56, 1.68)#(-0.22, 1.70, 1.79)#(-0.22, 1.44, 1.76)#(-0.19, 1.45, 1.80)#(-0.20, 1.07, 1.71)#(-0.25, 1.07, 1.75)#(-0.22, 0.65, 1.79)#(-0.32, 0.78, 1.84)#(-0.16, 0.63, 1.71)#(-0.26, 0.74, 1.78)#(-0.21, 1.45, 1.80)#+
-------------


-------------
K#0#(-0.22, 1.97, 1.81)#(-0.15, 1.95, 1.85)#(-0.15, 1.89, 1.86)#(-0.11, 1.95, 1.83)#(-0.06, 1.84, 1.95)#(-0.22, 1.75, 1.78)#(-0.21, 1.75, 1.78)#(-0.23, 1.52, 1.73)#(-0.22, 1.52, 1.73)#(-0.23, 1.46, 1.74)#(-0.22, 1.47, 1.75)#(-0.22, 1.46, 1.74)#(-0.19, 1.45, 1.75)#(-0.23, 1.42, 1.70)#(-0.21, 1.41, 1.72)#(-0.14, 1.68, 1.89)#(-0.14, 1.39, 1.87)#(-0.11, 1.37, 1.92)#(-0.20, 1.03, 1.78)#(-0.07, 1.05, 2.05)#(-0.22, 0.61, 1.76)#(-0.06, 0.62, 2.18)#(-0.15, 0.61, 1.71)#(-0.02, 0.61, 2.14)#(-0.13, 1.39, 1.92)#+
-------------


-------------
K#0#(0.03, 2.04, 2.07)#(-0.03, 1.94, 2.07)#(-0.03, 1.88, 2.08)#(-0.15, 1.83, 2.01)#(0.09, 1.84, 2.19)#(-0.23, 1.61, 1.98)#(0.14, 1.66, 2.32)#(-0.17, 1.40, 1.95)#(0.20, 1.50, 2.25)#(-0.16, 1.37, 1.96)#(0.17, 1.47, 2.22)#(-0.19, 1.37, 1.95)#(0.16, 1.44, 2.21)#(-0.14, 1.31, 1.95)#(0.16, 1.40, 2.19)#(-0.02, 1.67, 2.09)#(-0.06, 1.39, 2.05)#(0.03, 1.38, 2.12)#(-0.05, 1.02, 2.02)#(0.02, 1.02, 2.12)#(-0.05, 0.62, 2.05)#(-0.01, 0.62, 2.18)#(-0.01, 0.61, 1.97)#(0.05, 0.61, 2.13)#(-0.01, 1.39, 2.11)#+K#1#(0.40, 1.62, 1.50)#(0.39, 1.50, 1.57)#(0.39, 1.44, 1.59)#(0.23, 1.43, 1.61)#(0.56, 1.37, 1.57)#(0.15, 1.19, 1.66)#(0.68, 1.20, 1.55)#(0.19, 1.00, 1.50)#(0.61, 1.01, 1.47)#(0.21, 0.93, 1.44)#(0.58, 0.99, 1.47)#(0.25, 0.95, 1.42)#(0.51, 1.00, 1.45)#(0.22, 0.87, 1.41)#(0.52, 0.89, 1.39)#(0.40, 1.27, 1.67)#(0.32, 1.05, 1.74)#(0.47, 1.01, 1.72)#(0.21, 0.95, 1.46)#(0.48, 0.97, 1.40)#(0.31, 0.64, 1.69)#(0.47, 0.62, 1.68)#(0.25, 0.60, 1.67)#(0.53, 0.60, 1.65)#(0.40, 1.03, 1.75)#+
-------------


-------------
K#0#(0.17, 1.96, 1.98)#(0.12, 1.88, 2.03)#(0.10, 1.82, 2.04)#(-0.02, 1.80, 2.00)#(0.22, 1.79, 2.07)#(-0.12, 1.58, 2.02)#(0.24, 1.63, 2.15)#(-0.08, 1.41, 2.01)#(0.39, 1.71, 1.98)#(-0.06, 1.37, 2.03)#(0.43, 1.69, 1.99)#(-0.09, 1.36, 2.02)#(0.45, 1.69, 1.96)#(-0.05, 1.31, 2.02)#(0.43, 1.68, 1.96)#(0.07, 1.63, 2.09)#(-0.02, 1.37, 2.11)#(0.09, 1.36, 2.13)#(-0.01, 1.00, 2.05)#(0.17, 1.00, 2.17)#(-0.01, 0.61, 2.08)#(0.19, 0.63, 2.20)#(0.03, 0.61, 2.00)#(0.22, 0.63, 2.14)#(0.04, 1.37, 2.14)#+K#1#(0.50, 1.79, 1.59)#(0.46, 1.69, 1.60)#(0.45, 1.62, 1.62)#(0.29, 1.59, 1.62)#(0.60, 1.52, 1.59)#(0.22, 1.34, 1.56)#(0.64, 1.27, 1.53)#(0.23, 1.08, 1.48)#(0.59, 1.08, 1.47)#(0.22, 0.98, 1.45)#(0.55, 1.05, 1.46)#(0.27, 0.99, 1.44)#(0.56, 1.03, 1.41)#(0.22, 0.90, 1.40)#(0.49, 0.93, 1.39)#(0.43, 1.43, 1.67)#(0.32, 1.18, 1.71)#(0.47, 1.16, 1.70)#(0.23, 0.98, 1.48)#(0.44, 0.95, 1.45)#(0.31, 0.62, 1.69)#(0.49, 0.65, 1.70)#(0.25, 0.60, 1.67)#(0.52, 0.60, 1.64)#(0.40, 1.17, 1.74)#+
-------------


-------------
K#0#(0.05, 1.85, 1.95)#(0.02, 1.77, 2.01)#(0.02, 1.71, 2.04)#(-0.13, 1.68, 2.04)#(0.13, 1.66, 2.07)#(-0.19, 1.46, 2.09)#(0.16, 1.43, 2.14)#(-0.16, 1.27, 2.08)#(0.17, 1.24, 2.10)#(-0.14, 1.22, 2.07)#(0.15, 1.19, 2.09)#(-0.16, 1.21, 2.08)#(0.16, 1.15, 2.10)#(-0.13, 1.17, 2.06)#(0.13, 1.12, 2.08)#(0.02, 1.53, 2.11)#(-0.05, 1.28, 2.18)#(0.08, 1.28, 2.19)#(-0.09, 0.97, 2.04)#(0.11, 0.97, 2.09)#(-0.09, 0.64, 2.14)#(0.05, 0.63, 2.20)#(-0.09, 0.61, 2.06)#(0.09, 0.60, 2.15)#(0.01, 1.28, 2.21)#+K#1#(0.45, 1.77, 1.61)#(0.42, 1.86, 1.59)#(0.42, 1.81, 1.60)#(0.26, 1.84, 1.63)#(0.52, 1.96, 1.60)#(0.21, 1.61, 1.63)#(0.59, 1.69, 1.52)#(0.19, 1.39, 1.58)#(0.57, 1.43, 1.45)#(0.21, 1.35, 1.57)#(0.56, 1.31, 1.42)#(0.23, 1.34, 1.55)#(0.52, 1.34, 1.46)#(0.21, 1.25, 1.58)#(0.52, 1.24, 1.41)#(0.42, 1.66, 1.61)#(0.34, 1.44, 1.61)#(0.47, 1.44, 1.57)#(0.28, 1.02, 1.56)#(0.47, 1.04, 1.45)#(0.31, 0.63, 1.70)#(0.57, 0.64, 1.64)#(0.26, 0.61, 1.65)#(0.57, 0.60, 1.56)#(0.41, 1.45, 1.62)#+
-------------


-------------
K#0#(0.09, 1.73, 1.97)#(0.05, 1.67, 2.03)#(0.04, 1.61, 2.05)#(-0.10, 1.60, 2.01)#(0.19, 1.57, 2.10)#(-0.19, 1.38, 2.04)#(0.20, 1.34, 2.16)#(-0.14, 1.17, 2.03)#(0.17, 1.17, 2.09)#(-0.12, 1.11, 2.02)#(0.15, 1.14, 2.07)#(-0.15, 1.08, 2.02)#(0.17, 1.09, 2.06)#(-0.12, 1.08, 2.00)#(0.14, 1.06, 2.03)#(0.03, 1.43, 2.12)#(-0.06, 1.18, 2.17)#(0.06, 1.17, 2.20)#(-0.08, 0.97, 1.94)#(0.12, 0.95, 2.00)#(-0.09, 0.62, 2.11)#(0.06, 0.61, 2.18)#(-0.09, 0.59, 2.05)#(0.09, 0.59, 2.15)#(0.00, 1.18, 2.21)#+K#1#(0.51, 1.73, 1.52)#(0.47, 1.81, 1.50)#(0.47, 1.76, 1.51)#(0.32, 1.79, 1.56)#(0.64, 1.75, 1.44)#(0.27, 1.55, 1.55)#(0.67, 1.53, 1.39)#(0.29, 1.33, 1.49)#(0.62, 1.34, 1.36)#(0.31, 1.26, 1.48)#(0.59, 1.27, 1.36)#(0.33, 1.26, 1.45)#(0.55, 1.27, 1.37)#(0.32, 1.18, 1.48)#(0.56, 1.18, 1.34)#(0.47, 1.60, 1.54)#(0.39, 1.37, 1.56)#(0.54, 1.36, 1.51)#(0.36, 1.00, 1.48)#(0.53, 1.00, 1.37)#(0.44, 0.63, 1.58)#(0.61, 0.64, 1.51)#(0.40, 0.61, 1.54)#(0.61, 0.61, 1.45)#(0.47, 1.38, 1.57)#+
-------------


-------------
K#0#(0.17, 2.00, 2.00)#(0.10, 1.92, 2.04)#(0.09, 1.85, 2.06)#(-0.05, 1.81, 2.00)#(0.22, 1.78, 2.12)#(-0.17, 1.61, 2.02)#(0.22, 1.58, 2.18)#(-0.15, 1.43, 2.02)#(0.20, 1.38, 2.13)#(-0.13, 1.39, 2.03)#(0.19, 1.35, 2.13)#(-0.18, 1.40, 2.03)#(0.22, 1.34, 2.13)#(-0.13, 1.34, 2.04)#(0.19, 1.29, 2.13)#(0.06, 1.65, 2.10)#(-0.04, 1.38, 2.12)#(0.07, 1.38, 2.16)#(-0.11, 1.00, 2.12)#(0.08, 1.02, 2.18)#(-0.12, 0.61, 2.14)#(0.06, 0.62, 2.22)#(-0.10, 0.61, 2.06)#(0.08, 0.61, 2.17)#(0.02, 1.39, 2.17)#+K#1#(0.43, 1.57, 1.36)#(0.45, 1.43, 1.39)#(0.46, 1.38, 1.42)#(0.31, 1.36, 1.49)#(0.61, 1.31, 1.33)#(0.29, 1.14, 1.59)#(0.74, 1.14, 1.28)#(0.26, 0.94, 1.39)#(0.64, 0.97, 1.28)#(0.24, 0.88, 1.31)#(0.60, 0.95, 1.29)#(0.29, 0.87, 1.31)#(0.54, 0.93, 1.26)#(0.23, 0.84, 1.28)#(0.56, 0.88, 1.24)#(0.48, 1.20, 1.49)#(0.43, 0.96, 1.58)#(0.56, 0.95, 1.50)#(0.21, 0.92, 1.31)#(0.46, 0.91, 1.18)#(0.42, 0.64, 1.54)#(0.58, 0.63, 1.44)#(0.36, 0.60, 1.55)#(0.64, 0.60, 1.40)#(0.51, 0.95, 1.57)#+
-------------


-------------
K#0#(0.15, 1.78, 2.01)#(0.08, 1.70, 2.07)#(0.06, 1.64, 2.09)#(-0.08, 1.65, 2.04)#(0.18, 1.58, 2.17)#(-0.22, 1.46, 2.07)#(0.16, 1.36, 2.21)#(-0.19, 1.21, 2.07)#(0.14, 1.18, 2.12)#(-0.19, 1.17, 2.07)#(0.13, 1.15, 2.10)#(-0.22, 1.16, 2.08)#(0.15, 1.14, 2.11)#(-0.21, 1.11, 2.07)#(0.11, 1.10, 2.09)#(0.02, 1.46, 2.16)#(-0.10, 1.22, 2.21)#(0.02, 1.20, 2.25)#(-0.11, 1.01, 1.98)#(0.10, 0.98, 2.05)#(-0.13, 0.63, 2.12)#(0.07, 0.63, 2.16)#(-0.10, 0.61, 2.06)#(0.09, 0.60, 2.08)#(-0.04, 1.21, 2.25)#+
-------------


-------------
K#0#(0.18, 1.81, 2.07)#(0.12, 1.74, 2.11)#(0.11, 1.68, 2.13)#(-0.04, 1.66, 2.06)#(0.21, 1.60, 2.20)#(-0.17, 1.45, 2.06)#(0.20, 1.36, 2.21)#(-0.13, 1.25, 2.03)#(0.18, 1.16, 2.10)#(-0.12, 1.19, 2.04)#(0.17, 1.13, 2.09)#(-0.16, 1.17, 2.04)#(0.19, 1.12, 2.09)#(-0.12, 1.13, 2.02)#(0.16, 1.07, 2.06)#(0.07, 1.48, 2.16)#(-0.04, 1.22, 2.15)#(0.08, 1.21, 2.22)#(-0.08, 0.98, 1.96)#(0.14, 0.98, 2.03)#(-0.12, 0.61, 2.11)#(0.08, 0.61, 2.14)#(-0.10, 0.59, 2.05)#(0.10, 0.60, 2.10)#(0.02, 1.22, 2.21)#+K#1#(0.56, 1.73, 1.44)#(0.46, 1.77, 1.46)#(0.47, 1.72, 1.47)#(0.44, 1.69, 1.48)#(0.52, 1.79, 1.41)#(0.22, 1.65, 1.53)#(0.64, 1.61, 1.25)#(0.13, 1.77, 1.40)#(0.67, 1.39, 1.08)#(0.13, 1.79, 1.46)#(0.66, 1.37, 1.05)#(0.10, 1.76, 1.48)#(0.70, 1.37, 1.06)#(0.09, 1.85, 1.47)#(0.64, 1.33, 1.01)#(0.50, 1.54, 1.47)#(0.49, 1.27, 1.49)#(0.57, 1.29, 1.41)#(0.38, 1.01, 1.35)#(0.59, 1.00, 1.29)#(0.43, 0.59, 1.45)#(0.62, 0.61, 1.42)#(0.38, 0.58, 1.43)#(0.56, 0.58, 1.34)#(0.54, 1.29, 1.48)#+
-------------


-------------
K#0#(0.07, 2.08, 2.09)#(0.02, 1.96, 2.10)#(0.03, 1.90, 2.11)#(-0.11, 1.85, 2.05)#(0.17, 1.85, 2.20)#(-0.18, 1.61, 2.05)#(0.21, 1.60, 2.26)#(-0.15, 1.43, 2.02)#(0.21, 1.41, 2.22)#(-0.14, 1.39, 2.02)#(0.20, 1.36, 2.20)#(-0.18, 1.41, 2.01)#(0.22, 1.35, 2.22)#(-0.12, 1.32, 2.03)#(0.19, 1.29, 2.19)#(0.03, 1.70, 2.14)#(-0.02, 1.41, 2.11)#(0.07, 1.41, 2.18)#(-0.11, 1.01, 2.13)#(0.08, 1.00, 2.20)#(-0.14, 0.62, 2.16)#(0.06, 0.62, 2.23)#(-0.11, 0.61, 2.07)#(0.08, 0.61, 2.17)#(0.03, 1.41, 2.17)#+K#1#(0.54, 1.50, 1.12)#(0.45, 1.55, 1.13)#(0.47, 1.51, 1.13)#(0.43, 1.61, 1.13)#(0.51, 1.62, 1.07)#(0.28, 1.50, 1.00)#(0.61, 1.36, 0.99)#(0.17, 1.37, 0.91)#(0.65, 1.14, 0.95)#(0.11, 1.32, 0.88)#(0.63, 1.12, 0.95)#(0.14, 1.33, 0.84)#(0.64, 1.12, 0.96)#(0.11, 1.25, 0.85)#(0.64, 1.08, 0.95)#(0.53, 1.37, 1.11)#(0.51, 1.16, 1.05)#(0.67, 1.21, 1.03)#(0.47, 0.88, 1.15)#(0.70, 0.89, 0.87)#(0.49, 0.63, 1.36)#(0.75, 0.52, 0.65)#(0.44, 0.61, 1.35)#(0.67, 0.55, 0.59)#(0.60, 1.19, 1.07)#+
-------------


-------------
K#0#(-0.15, 2.07, 2.09)#(-0.15, 1.95, 2.10)#(-0.14, 1.88, 2.10)#(-0.29, 1.82, 2.07)#(0.02, 1.85, 2.15)#(-0.32, 1.58, 2.06)#(0.10, 1.66, 2.25)#(-0.30, 1.37, 2.01)#(0.14, 1.52, 2.14)#(-0.30, 1.31, 2.01)#(0.12, 1.49, 2.11)#(-0.32, 1.30, 1.99)#(0.14, 1.47, 2.14)#(-0.29, 1.25, 2.00)#(0.10, 1.43, 2.09)#(-0.12, 1.68, 2.10)#(-0.14, 1.39, 2.06)#(-0.03, 1.40, 2.07)#(-0.16, 1.01, 2.10)#(0.04, 1.02, 2.04)#(-0.13, 0.63, 2.17)#(0.02, 0.63, 2.09)#(-0.12, 0.61, 2.08)#(0.04, 0.61, 2.02)#(-0.09, 1.40, 2.09)#+K#1#(0.00, 0.00, 0.00)#(0.00, 0.00, 0.00)#(0.00, 0.00, 0.00)#(0.00, 0.00, 0.00)#(0.00, 0.00, 0.00)#(0.00, 0.00, 0.00)#(0.00, 0.00, 0.00)#(0.00, 0.00, 0.00)#(0.00, 0.00, 0.00)#(0.00, 0.00, 0.00)#(0.00, 0.00, 0.00)#(0.00, 0.00, 0.00)#(0.00, 0.00, 0.00)#(0.00, 0.00, 0.00)#(0.00, 0.00, 0.00)#(0.00, 0.00, 0.00)#(0.00, 0.00, 0.00)#(0.00, 0.00, 0.00)#(0.00, 0.00, 0.00)#(0.00, 0.00, 0.00)#(0.00, 0.00, 0.00)#(0.00, 0.00, 0.00)#(0.00, 0.00, 0.00)#(0.00, 0.00, 0.00)#(0.00, 0.00, 0.00)#+
-------------


-------------
K#0#(-0.14, 2.05, 1.98)#(-0.13, 1.95, 1.97)#(-0.13, 1.88, 1.97)#(-0.28, 1.82, 1.96)#(0.03, 1.83, 1.98)#(-0.32, 1.57, 1.97)#(0.12, 1.64, 2.02)#(-0.32, 1.37, 1.95)#(0.10, 1.46, 1.94)#(-0.31, 1.31, 1.94)#(0.07, 1.44, 1.92)#(-0.34, 1.30, 1.95)#(0.10, 1.43, 1.95)#(-0.30, 1.25, 1.95)#(0.05, 1.36, 1.90)#(-0.13, 1.67, 1.98)#(-0.19, 1.35, 1.95)#(-0.06, 1.35, 1.96)#(-0.13, 0.99, 1.98)#(-0.09, 1.00, 1.93)#(-0.17, 0.75, 2.09)#(-0.08, 0.61, 1.82)#(-0.15, 0.69, 1.98)#(-0.06, 0.63, 1.75)#(-0.13, 1.36, 1.99)#+K#1#(0.00, 0.00, 0.00)#(0.00, 0.00, 0.00)#(0.00, 0.00, 0.00)#(0.00, 0.00, 0.00)#(0.00, 0.00, 0.00)#(0.00, 0.00, 0.00)#(0.00, 0.00, 0.00)#(0.00, 0.00, 0.00)#(0.00, 0.00, 0.00)#(0.00, 0.00, 0.00)#(0.00, 0.00, 0.00)#(0.00, 0.00, 0.00)#(0.00, 0.00, 0.00)#(0.00, 0.00, 0.00)#(0.00, 0.00, 0.00)#(0.00, 0.00, 0.00)#(0.00, 0.00, 0.00)#(0.00, 0.00, 0.00)#(0.00, 0.00, 0.00)#(0.00, 0.00, 0.00)#(0.00, 0.00, 0.00)#(0.00, 0.00, 0.00)#(0.00, 0.00, 0.00)#(0.00, 0.00, 0.00)#(0.00, 0.00, 0.00)#+
-------------

-------------
