K#0#(0.00, 1.50, 1.47)#(-0.05, 1.40, 1.42)#(-0.05, 1.31, 1.41)#(-0.16, 1.27, 1.27)#(-0.01, 1.21, 1.48)#(0.01, 1.07, 1.14)#(0.16, 1.00, 1.56)#(0.22, 1.06, 1.12)#(0.10, 1.01, 1.26)#(0.20, 1.09, 1.15)#(0.12, 1.02, 1.12)#(0.20, 1.04, 1.14)#(0.06, 1.00, 1.12)#(0.20, 1.14, 1.17)#(0.10, 1.03, 1.09)#(-0.05, 1.04, 1.37)#(-0.07, 0.68, 1.26)#(0.00, 0.68, 1.28)#(0.24, 0.83, 1.11)#(0.16, 0.87, 1.08)#(0.00, 0.45, 1.40)#(0.10, 0.36, 1.15)#(0.03, 0.43, 1.38)#(0.18, 0.34, 1.07)#(-0.04, 0.67, 1.30)#+@K#0#(0.00, 1.50, 1.47)#(-0.05, 1.40, 1.42)#(-0.05, 1.31, 1.41)#(-0.16, 1.27, 1.27)#(-0.01, 1.21, 1.48)#(0.01, 1.07, 1.14)#(0.16, 1.00, 1.56)#(0.22, 1.06, 1.12)#(0.10, 1.01, 1.26)#(0.20, 1.09, 1.15)#(0.12, 1.02, 1.12)#(0.20, 1.04, 1.14)#(0.06, 1.00, 1.12)#(0.20, 1.14, 1.17)#(0.10, 1.03, 1.09)#(-0.05, 1.04, 1.37)#(-0.07, 0.68, 1.26)#(0.00, 0.68, 1.28)#(0.24, 0.83, 1.11)#(0.16, 0.87, 1.08)#(0.00, 0.45, 1.40)#(0.10, 0.36, 1.15)#(0.03, 0.43, 1.38)#(0.18, 0.34, 1.07)#(-0.04, 0.67, 1.30)#+@K#0#(0.00, 1.50, 1.47)#(-0.05, 1.40, 1.42)#(-0.05, 1.31, 1.41)#(-0.16, 1.27, 1.27)#(-0.01, 1.21, 1.48)#(0.01, 1.07, 1.14)#(0.16, 1.00, 1.56)#(0.22, 1.06, 1.12)#(0.10, 1.01, 1.26)#(0.20, 1.09, 1.15)#(0.12, 1.02, 1.12)#(0.20, 1.04, 1.14)#(0.06, 1.00, 1.12)#(0.20, 1.14, 1.17)#(0.10, 1.03, 1.09)#(-0.05, 1.04, 1.37)#(-0.07, 0.68, 1.26)#(0.00, 0.68, 1.28)#(0.24, 0.83, 1.11)#(0.16, 0.87, 1.08)#(0.00, 0.45, 1.40)#(0.10, 0.36, 1.15)#(0.03, 0.43, 1.38)#(0.18, 0.34, 1.07)#(-0.04, 0.67, 1.30)#+@K#0#(0.00, 1.50, 1.47)#(-0.05, 1.40, 1.42)#(-0.05, 1.31, 1.41)#(-0.16, 1.27, 1.27)#(-0.01, 1.21, 1.48)#(0.01, 1.07, 1.14)#(0.16, 1.00, 1.56)#(0.22, 1.06, 1.12)#(0.10, 1.01, 1.26)#(0.20, 1.09, 1.15)#(0.12, 1.02, 1.12)#(0.20, 1.04, 1.14)#(0.06, 1.00, 1.12)#(0.20, 1.14, 1.17)#(0.10, 1.03, 1.09)#(-0.05, 1.04, 1.37)#(-0.07, 0.68, 1.26)#(0.00, 0.68, 1.28)#(0.24, 0.83, 1.11)#(0.16, 0.87, 1.08)#(0.00, 0.45, 1.40)#(0.10, 0.36, 1.15)#(0.03, 0.43, 1.38)#(0.18, 0.34, 1.07)#(-0.04, 0.67, 1.30)#+@

K#0#(0.00, 1.50, 1.47)#(-0.06, 1.40, 1.42)#(-0.05, 1.31, 1.41)#(-0.16, 1.27, 1.27)#(-0.01, 1.21, 1.48)#(0.01, 1.07, 1.14)#(0.16, 1.00, 1.56)#(0.22, 1.06, 1.12)#(0.10, 1.01, 1.26)#(0.20, 1.09, 1.15)#(0.11, 1.03, 1.12)#(0.21, 1.05, 1.14)#(0.06, 0.99, 1.13)#(0.21, 1.14, 1.17)#(0.10, 1.04, 1.09)#(-0.05, 1.04, 1.37)#(-0.07, 0.68, 1.26)#(0.00, 0.68, 1.28)#(0.24, 0.84, 1.11)#(0.16, 0.87, 1.08)#(0.01, 0.44, 1.38)#(0.09, 0.35, 1.16)#(0.02, 0.42, 1.37)#(0.15, 0.33, 1.08)#(-0.04, 0.67, 1.30)#+@

K#0#(0.00, 1.50, 1.47)#(-0.06, 1.40, 1.42)#(-0.05, 1.31, 1.41)#(-0.16, 1.27, 1.27)#(-0.01, 1.21, 1.48)#(0.01, 1.07, 1.14)#(0.16, 1.00, 1.56)#(0.22, 1.06, 1.12)#(0.10, 1.01, 1.26)#(0.21, 1.09, 1.15)#(0.11, 1.02, 1.13)#(0.21, 1.05, 1.14)#(0.06, 0.99, 1.13)#(0.21, 1.14, 1.17)#(0.10, 1.03, 1.09)#(-0.05, 1.04, 1.37)#(-0.07, 0.68, 1.26)#(0.00, 0.68, 1.28)#(0.24, 0.84, 1.11)#(0.16, 0.87, 1.08)#(0.00, 0.45, 1.39)#(0.09, 0.36, 1.16)#(0.02, 0.42, 1.37)#(0.16, 0.33, 1.08)#(-0.04, 0.67, 1.30)#+@

K#0#(0.00, 1.50, 1.47)#(-0.06, 1.40, 1.42)#(-0.05, 1.31, 1.41)#(-0.16, 1.27, 1.27)#(-0.01, 1.21, 1.48)#(0.01, 1.07, 1.14)#(0.17, 0.99, 1.56)#(0.22, 1.06, 1.12)#(0.10, 1.01, 1.27)#(0.21, 1.09, 1.15)#(0.09, 1.01, 1.16)#(0.21, 1.06, 1.14)#(0.05, 0.98, 1.16)#(0.21, 1.14, 1.17)#(0.08, 1.02, 1.13)#(-0.05, 1.04, 1.37)#(-0.07, 0.68, 1.26)#(0.00, 0.68, 1.28)#(0.24, 0.84, 1.11)#(0.16, 0.87, 1.08)#(0.01, 0.44, 1.38)#(0.10, 0.37, 1.15)#(0.04, 0.41, 1.36)#(0.19, 0.34, 1.07)#(-0.04, 0.67, 1.30)#+@K#0#(0.00, 1.50, 1.47)#(-0.06, 1.40, 1.42)#(-0.05, 1.31, 1.41)#(-0.16, 1.27, 1.27)#(-0.01, 1.21, 1.48)#(0.01, 1.07, 1.14)#(0.17, 0.99, 1.56)#(0.22, 1.06, 1.12)#(0.10, 1.01, 1.27)#(0.21, 1.09, 1.15)#(0.09, 1.01, 1.16)#(0.21, 1.06, 1.14)#(0.05, 0.98, 1.16)#(0.21, 1.14, 1.17)#(0.08, 1.02, 1.13)#(-0.05, 1.04, 1.37)#(-0.07, 0.68, 1.26)#(0.00, 0.68, 1.28)#(0.24, 0.84, 1.11)#(0.16, 0.87, 1.08)#(0.01, 0.44, 1.38)#(0.10, 0.37, 1.15)#(0.04, 0.41, 1.36)#(0.19, 0.34, 1.07)#(-0.04, 0.67, 1.30)#+@

K#0#(0.00, 1.50, 1.47)#(-0.06, 1.40, 1.42)#(-0.05, 1.31, 1.41)#(-0.16, 1.27, 1.27)#(-0.01, 1.21, 1.48)#(0.01, 1.07, 1.14)#(0.16, 1.01, 1.58)#(0.22, 1.06, 1.12)#(0.10, 1.02, 1.28)#(0.21, 1.09, 1.15)#(0.11, 1.01, 1.14)#(0.21, 1.05, 1.14)#(0.07, 0.99, 1.13)#(0.21, 1.14, 1.17)#(0.11, 1.02, 1.11)#(-0.05, 1.04, 1.37)#(-0.07, 0.68, 1.26)#(0.00, 0.68, 1.28)#(0.24, 0.84, 1.11)#(0.16, 0.87, 1.08)#(0.04, 0.40, 1.33)#(0.10, 0.37, 1.15)#(0.10, 0.35, 1.27)#(0.19, 0.34, 1.07)#(-0.04, 0.67, 1.30)#+@

K#0#(0.00, 1.50, 1.47)#(-0.06, 1.40, 1.42)#(-0.05, 1.31, 1.41)#(-0.16, 1.27, 1.27)#(-0.01, 1.21, 1.48)#(0.01, 1.07, 1.14)#(0.16, 1.01, 1.59)#(0.22, 1.06, 1.12)#(0.10, 1.02, 1.29)#(0.21, 1.09, 1.15)#(0.12, 1.01, 1.14)#(0.21, 1.06, 1.14)#(0.07, 0.99, 1.13)#(0.21, 1.14, 1.16)#(0.11, 1.02, 1.10)#(-0.05, 1.04, 1.37)#(-0.07, 0.68, 1.26)#(0.00, 0.68, 1.28)#(0.24, 0.84, 1.11)#(0.16, 0.87, 1.08)#(0.02, 0.44, 1.37)#(0.10, 0.37, 1.15)#(0.06, 0.39, 1.33)#(0.19, 0.34, 1.07)#(-0.04, 0.67, 1.30)#+@

K#0#(0.00, 1.50, 1.48)#(-0.05, 1.40, 1.42)#(-0.05, 1.31, 1.41)#(-0.16, 1.27, 1.27)#(-0.01, 1.21, 1.48)#(0.01, 1.07, 1.13)#(0.16, 1.01, 1.59)#(0.23, 1.06, 1.12)#(0.11, 1.02, 1.30)#(0.21, 1.09, 1.15)#(0.12, 1.02, 1.13)#(0.21, 1.06, 1.15)#(0.07, 0.99, 1.13)#(0.21, 1.14, 1.16)#(0.11, 1.03, 1.10)#(-0.05, 1.04, 1.37)#(-0.07, 0.68, 1.26)#(0.00, 0.68, 1.28)#(0.24, 0.84, 1.11)#(0.16, 0.87, 1.08)#(0.02, 0.43, 1.37)#(0.10, 0.36, 1.15)#(0.04, 0.41, 1.35)#(0.19, 0.34, 1.06)#(-0.04, 0.67, 1.30)#+@

K#0#(0.00, 1.50, 1.48)#(-0.05, 1.40, 1.42)#(-0.05, 1.31, 1.41)#(-0.16, 1.26, 1.27)#(-0.01, 1.21, 1.48)#(0.01, 1.07, 1.13)#(0.16, 1.01, 1.59)#(0.23, 1.06, 1.12)#(0.11, 1.02, 1.30)#(0.21, 1.09, 1.16)#(0.12, 1.02, 1.13)#(0.21, 1.07, 1.14)#(0.07, 0.99, 1.13)#(0.21, 1.14, 1.17)#(0.11, 1.03, 1.10)#(-0.04, 1.04, 1.37)#(-0.07, 0.68, 1.26)#(0.00, 0.68, 1.28)#(0.24, 0.83, 1.11)#(0.16, 0.87, 1.08)#(-0.03, 0.44, 1.37)#(0.08, 0.33, 1.17)#(-0.01, 0.41, 1.35)#(0.04, 0.32, 1.08)#(-0.04, 0.67, 1.30)#+@

K#0#(0.00, 1.50, 1.48)#(-0.05, 1.40, 1.42)#(-0.05, 1.31, 1.41)#(-0.16, 1.26, 1.27)#(-0.01, 1.21, 1.48)#(0.01, 1.07, 1.14)#(0.16, 1.00, 1.59)#(0.23, 1.06, 1.12)#(0.11, 1.01, 1.30)#(0.21, 1.09, 1.15)#(0.11, 1.01, 1.15)#(0.21, 1.06, 1.14)#(0.07, 0.99, 1.13)#(0.21, 1.14, 1.17)#(0.11, 1.02, 1.11)#(-0.04, 1.04, 1.37)#(-0.07, 0.68, 1.26)#(0.00, 0.68, 1.28)#(0.23, 0.82, 1.11)#(0.16, 0.87, 1.08)#(-0.01, 0.45, 1.41)#(0.08, 0.34, 1.17)#(0.02, 0.42, 1.40)#(0.05, 0.33, 1.08)#(-0.04, 0.67, 1.30)#+@

K#0#(-0.12, 1.50, 1.49)#(-0.17, 1.39, 1.45)#(-0.18, 1.31, 1.44)#(-0.26, 1.28, 1.30)#(-0.11, 1.20, 1.50)#(-0.13, 1.10, 1.12)#(0.08, 1.03, 1.60)#(0.13, 1.13, 1.13)#(0.21, 1.02, 1.35)#(0.17, 1.13, 1.14)#(0.22, 1.02, 1.29)#(0.18, 1.10, 1.16)#(0.16, 1.03, 1.20)#(0.22, 1.16, 1.15)#(0.19, 1.03, 1.20)#(-0.18, 1.06, 1.37)#(-0.23, 0.72, 1.27)#(-0.14, 0.72, 1.21)#(0.09, 0.84, 1.15)#(0.13, 0.85, 1.12)#(-0.09, 0.44, 1.39)#(0.07, 0.35, 1.17)#(-0.04, 0.40, 1.37)#(0.16, 0.33, 1.11)#(-0.19, 0.71, 1.28)#+@

K#0#(-0.42, 1.49, 1.51)#(-0.46, 1.38, 1.45)#(-0.45, 1.31, 1.43)#(-0.53, 1.22, 1.28)#(-0.32, 1.15, 1.57)#(-0.53, 0.96, 1.15)#(-0.08, 0.98, 1.61)#(-0.32, 0.98, 1.08)#(0.13, 0.99, 1.56)#(-0.28, 0.97, 1.09)#(0.20, 1.00, 1.55)#(-0.25, 0.94, 1.13)#(0.22, 0.99, 1.59)#(-0.17, 0.96, 1.09)#(0.25, 1.02, 1.54)#(-0.43, 1.07, 1.37)#(-0.41, 0.78, 1.18)#(-0.35, 0.72, 1.29)#(0.01, 0.81, 1.15)#(-0.26, 0.33, 1.38)#(-0.17, 0.35, 1.35)#(-0.18, 0.00, 1.48)#(-0.14, 0.33, 1.32)#(-0.07, 0.00, 1.40)#(-0.40, 0.74, 1.27)#+@

K#0#(-0.52, 1.48, 1.53)#(-0.55, 1.38, 1.47)#(-0.53, 1.30, 1.44)#(-0.62, 1.22, 1.30)#(-0.38, 1.16, 1.57)#(-0.65, 1.00, 1.17)#(-0.22, 1.02, 1.59)#(-0.40, 0.99, 1.09)#(0.01, 1.00, 1.56)#(-0.35, 0.99, 1.10)#(0.09, 0.99, 1.55)#(-0.34, 0.99, 1.14)#(0.19, 0.98, 1.58)#(-0.25, 0.97, 1.08)#(0.18, 0.98, 1.54)#(-0.48, 1.08, 1.37)#(-0.39, 0.80, 1.15)#(-0.36, 0.75, 1.29)#(-0.03, 0.77, 1.17)#(-0.32, 0.38, 1.38)#(-0.02, 0.31, 1.42)#(-0.28, 0.02, 1.49)#(0.06, 0.29, 1.38)#(-0.19, 0.01, 1.43)#(-0.39, 0.77, 1.25)#+@K#0#(-0.52, 1.48, 1.53)#(-0.55, 1.38, 1.47)#(-0.53, 1.30, 1.44)#(-0.62, 1.22, 1.30)#(-0.38, 1.16, 1.57)#(-0.65, 1.00, 1.17)#(-0.22, 1.02, 1.59)#(-0.40, 0.99, 1.09)#(0.01, 1.00, 1.56)#(-0.35, 0.99, 1.10)#(0.09, 0.99, 1.55)#(-0.34, 0.99, 1.14)#(0.19, 0.98, 1.58)#(-0.25, 0.97, 1.08)#(0.18, 0.98, 1.54)#(-0.48, 1.08, 1.37)#(-0.39, 0.80, 1.15)#(-0.36, 0.75, 1.29)#(-0.03, 0.77, 1.17)#(-0.32, 0.38, 1.38)#(-0.02, 0.31, 1.42)#(-0.28, 0.02, 1.49)#(0.06, 0.29, 1.38)#(-0.19, 0.01, 1.43)#(-0.39, 0.77, 1.25)#+@

K#0#(-0.21, 1.43, 1.55)#(-0.28, 1.35, 1.48)#(-0.29, 1.28, 1.46)#(-0.41, 1.21, 1.29)#(-0.21, 1.08, 1.58)#(-0.49, 1.06, 1.15)#(-0.16, 0.88, 1.63)#(-0.29, 0.97, 1.09)#(0.11, 0.91, 1.58)#(-0.26, 0.95, 1.12)#(0.19, 0.94, 1.57)#(-0.24, 0.87, 1.15)#(0.20, 0.98, 1.57)#(-0.21, 0.92, 1.11)#(0.26, 0.98, 1.56)#(-0.32, 1.05, 1.39)#(-0.40, 0.74, 1.17)#(-0.30, 0.68, 1.33)#(0.00, 0.84, 1.17)#(0.04, 0.77, 1.12)#(-0.15, 0.44, 1.40)#(0.14, 0.29, 1.08)#(-0.07, 0.38, 1.34)#(0.22, 0.31, 1.00)#(-0.35, 0.71, 1.29)#+@

K#0#(-0.10, 1.46, 1.47)#(-0.15, 1.37, 1.42)#(-0.16, 1.30, 1.41)#(-0.27, 1.24, 1.26)#(-0.09, 1.15, 1.49)#(-0.30, 1.02, 1.14)#(-0.04, 1.00, 1.64)#(-0.08, 0.98, 1.13)#(0.20, 0.96, 1.58)#(0.00, 0.97, 1.14)#(0.24, 0.98, 1.57)#(0.00, 0.94, 1.13)#(0.25, 0.98, 1.58)#(0.05, 0.93, 1.15)#(0.27, 0.98, 1.50)#(-0.18, 1.06, 1.37)#(-0.26, 0.75, 1.20)#(-0.14, 0.71, 1.35)#(0.10, 0.90, 1.18)#(-0.06, 0.42, 1.40)#(-0.15, 0.49, 1.40)#(-0.02, 0.06, 1.49)#(-0.12, 0.44, 1.36)#(0.08, 0.05, 1.42)#(-0.21, 0.72, 1.31)#+@

K#0#(-0.02, 1.49, 1.50)#(-0.07, 1.40, 1.45)#(-0.07, 1.32, 1.43)#(-0.16, 1.24, 1.28)#(0.02, 1.12, 1.56)#(-0.08, 1.02, 1.13)#(0.18, 1.01, 1.63)#(0.16, 1.11, 1.18)#(0.29, 1.19, 1.56)#(0.18, 1.13, 1.20)#(0.33, 1.25, 1.55)#(0.20, 1.11, 1.15)#(0.32, 1.24, 1.51)#(0.23, 1.16, 1.20)#(0.32, 1.26, 1.50)#(-0.08, 1.08, 1.36)#(-0.11, 0.77, 1.16)#(-0.04, 0.72, 1.30)#(0.19, 0.77, 1.16)#(-0.19, 0.48, 1.30)#(-0.20, 0.40, 1.24)#(0.19, 0.26, 1.37)#(-0.19, 0.37, 1.20)#(0.23, 0.31, 1.28)#(-0.08, 0.73, 1.26)#+@K#0#(-0.02, 1.49, 1.50)#(-0.07, 1.40, 1.45)#(-0.07, 1.32, 1.43)#(-0.16, 1.24, 1.28)#(0.02, 1.12, 1.56)#(-0.08, 1.02, 1.13)#(0.18, 1.01, 1.63)#(0.16, 1.11, 1.18)#(0.29, 1.19, 1.56)#(0.18, 1.13, 1.20)#(0.33, 1.25, 1.55)#(0.20, 1.11, 1.15)#(0.32, 1.24, 1.51)#(0.23, 1.16, 1.20)#(0.32, 1.26, 1.50)#(-0.08, 1.08, 1.36)#(-0.11, 0.77, 1.16)#(-0.04, 0.72, 1.30)#(0.19, 0.77, 1.16)#(-0.19, 0.48, 1.30)#(-0.20, 0.40, 1.24)#(0.19, 0.26, 1.37)#(-0.19, 0.37, 1.20)#(0.23, 0.31, 1.28)#(-0.08, 0.73, 1.26)#+@

K#0#(0.02, 1.49, 1.52)#(-0.04, 1.40, 1.46)#(-0.05, 1.32, 1.44)#(-0.12, 1.27, 1.30)#(0.05, 1.12, 1.58)#(0.02, 1.07, 1.15)#(0.20, 0.98, 1.63)#(0.23, 1.07, 1.13)#(0.03, 0.86, 1.68)#(0.21, 1.10, 1.14)#(-0.03, 0.82, 1.72)#(0.21, 1.07, 1.11)#(-0.03, 0.81, 1.69)#(0.21, 1.14, 1.16)#(-0.04, 0.82, 1.71)#(-0.05, 1.05, 1.36)#(-0.10, 0.69, 1.19)#(-0.02, 0.69, 1.21)#(0.20, 0.76, 1.17)#(-0.17, 0.48, 1.30)#(-0.20, 0.38, 1.25)#(0.01, 0.36, 1.34)#(-0.19, 0.36, 1.20)#(0.02, 0.34, 1.25)#(-0.06, 0.68, 1.24)#+@K#0#(0.02, 1.49, 1.52)#(-0.04, 1.40, 1.46)#(-0.05, 1.32, 1.44)#(-0.12, 1.27, 1.30)#(0.05, 1.12, 1.58)#(0.02, 1.07, 1.15)#(0.20, 0.98, 1.63)#(0.23, 1.07, 1.13)#(0.03, 0.86, 1.68)#(0.21, 1.10, 1.14)#(-0.03, 0.82, 1.72)#(0.21, 1.07, 1.11)#(-0.03, 0.81, 1.69)#(0.21, 1.14, 1.16)#(-0.04, 0.82, 1.71)#(-0.05, 1.05, 1.36)#(-0.10, 0.69, 1.19)#(-0.02, 0.69, 1.21)#(0.20, 0.76, 1.17)#(-0.17, 0.48, 1.30)#(-0.20, 0.38, 1.25)#(0.01, 0.36, 1.34)#(-0.19, 0.36, 1.20)#(0.02, 0.34, 1.25)#(-0.06, 0.68, 1.24)#+@

K#0#(0.04, 1.49, 1.51)#(-0.03, 1.40, 1.45)#(-0.03, 1.32, 1.43)#(-0.11, 1.26, 1.29)#(0.07, 1.12, 1.57)#(0.02, 1.06, 1.14)#(0.21, 0.98, 1.62)#(0.23, 1.07, 1.13)#(0.06, 0.87, 1.70)#(0.21, 1.09, 1.14)#(0.01, 0.83, 1.72)#(0.15, 1.12, 1.13)#(0.01, 0.82, 1.70)#(0.21, 1.14, 1.17)#(0.00, 0.83, 1.72)#(-0.05, 1.05, 1.35)#(-0.11, 0.69, 1.20)#(-0.02, 0.69, 1.21)#(0.20, 0.76, 1.17)#(-0.16, 0.48, 1.30)#(-0.20, 0.38, 1.25)#(0.05, 0.34, 1.34)#(-0.19, 0.36, 1.20)#(0.07, 0.34, 1.26)#(-0.06, 0.68, 1.24)#+@

K#0#(0.05, 1.49, 1.48)#(-0.02, 1.41, 1.41)#(-0.03, 1.32, 1.39)#(-0.11, 1.26, 1.26)#(0.07, 1.13, 1.54)#(0.02, 1.05, 1.13)#(0.22, 0.98, 1.61)#(0.23, 1.07, 1.13)#(0.04, 0.89, 1.66)#(0.21, 1.09, 1.14)#(-0.02, 0.86, 1.67)#(0.22, 1.05, 1.16)#(-0.01, 0.84, 1.66)#(0.22, 1.14, 1.19)#(-0.03, 0.85, 1.68)#(-0.05, 1.06, 1.33)#(-0.12, 0.71, 1.14)#(-0.02, 0.68, 1.21)#(0.20, 0.76, 1.16)#(-0.16, 0.48, 1.30)#(-0.20, 0.38, 1.24)#(0.01, 0.37, 1.34)#(-0.18, 0.35, 1.19)#(0.01, 0.35, 1.24)#(-0.07, 0.68, 1.23)#+@

K#0#(0.04, 1.50, 1.47)#(-0.03, 1.41, 1.40)#(-0.04, 1.33, 1.38)#(-0.11, 1.27, 1.25)#(0.07, 1.13, 1.52)#(0.02, 1.05, 1.13)#(0.29, 1.00, 1.43)#(0.23, 1.07, 1.12)#(0.34, 0.97, 1.61)#(0.21, 1.09, 1.14)#(0.36, 0.96, 1.68)#(0.21, 1.06, 1.14)#(0.29, 0.97, 1.64)#(0.22, 1.14, 1.18)#(0.35, 0.93, 1.72)#(-0.05, 1.07, 1.31)#(-0.10, 0.73, 1.11)#(-0.01, 0.69, 1.19)#(0.22, 0.79, 1.10)#(-0.19, 0.48, 1.27)#(-0.26, 0.50, 1.21)#(-0.04, 0.34, 1.35)#(-0.26, 0.50, 1.18)#(0.03, 0.34, 1.24)#(-0.06, 0.70, 1.18)#+@

K#0#(0.02, 1.50, 1.48)#(-0.05, 1.41, 1.42)#(-0.05, 1.33, 1.39)#(-0.12, 1.27, 1.26)#(0.05, 1.13, 1.53)#(0.01, 1.06, 1.13)#(0.31, 0.98, 1.50)#(0.22, 1.07, 1.12)#(0.35, 0.95, 1.67)#(0.21, 1.09, 1.14)#(0.24, 0.96, 1.66)#(0.21, 1.06, 1.15)#(0.24, 0.95, 1.68)#(0.21, 1.14, 1.16)#(0.22, 0.95, 1.70)#(-0.06, 1.07, 1.31)#(-0.11, 0.72, 1.13)#(-0.02, 0.70, 1.18)#(0.19, 0.82, 1.14)#(-0.19, 0.49, 1.27)#(-0.29, 0.53, 1.24)#(-0.04, 0.35, 1.35)#(-0.30, 0.53, 1.21)#(0.02, 0.35, 1.25)#(-0.07, 0.70, 1.19)#+@

K#0#(0.02, 1.50, 1.48)#(-0.05, 1.41, 1.42)#(-0.05, 1.33, 1.39)#(-0.13, 1.27, 1.26)#(0.05, 1.13, 1.53)#(0.01, 1.06, 1.13)#(0.24, 1.02, 1.34)#(0.22, 1.07, 1.12)#(0.34, 0.97, 1.56)#(0.21, 1.09, 1.14)#(0.38, 0.95, 1.65)#(0.21, 1.06, 1.15)#(0.43, 1.00, 1.63)#(0.21, 1.14, 1.17)#(0.32, 0.90, 1.68)#(-0.06, 1.07, 1.31)#(-0.11, 0.71, 1.14)#(-0.02, 0.70, 1.18)#(0.20, 0.77, 1.12)#(-0.19, 0.49, 1.27)#(-0.26, 0.47, 1.22)#(-0.04, 0.35, 1.35)#(-0.27, 0.47, 1.18)#(0.01, 0.34, 1.24)#(-0.07, 0.70, 1.19)#+@

@

K#0#(0.02, 1.50, 1.48)#(-0.05, 1.41, 1.42)#(-0.05, 1.32, 1.40)#(-0.13, 1.27, 1.26)#(0.05, 1.13, 1.54)#(0.01, 1.05, 1.13)#(0.26, 1.01, 1.38)#(0.22, 1.07, 1.12)#(0.36, 0.96, 1.60)#(0.21, 1.09, 1.14)#(0.41, 0.95, 1.68)#(0.21, 1.06, 1.14)#(0.35, 0.92, 1.66)#(0.21, 1.14, 1.17)#(0.40, 0.90, 1.74)#(-0.06, 1.07, 1.31)#(-0.11, 0.72, 1.13)#(-0.02, 0.70, 1.18)#(0.19, 0.78, 1.13)#(-0.19, 0.49, 1.27)#(-0.28, 0.50, 1.23)#(-0.05, 0.35, 1.35)#(-0.28, 0.49, 1.19)#(0.00, 0.34, 1.24)#(-0.07, 0.70, 1.19)#+@

K#0#(0.02, 1.50, 1.48)#(-0.05, 1.41, 1.42)#(-0.05, 1.32, 1.40)#(-0.13, 1.27, 1.26)#(0.05, 1.13, 1.54)#(0.01, 1.05, 1.13)#(0.30, 0.99, 1.46)#(0.22, 1.07, 1.12)#(0.37, 0.96, 1.63)#(0.21, 1.09, 1.14)#(0.41, 0.94, 1.74)#(0.21, 1.07, 1.13)#(0.41, 0.93, 1.74)#(0.21, 1.14, 1.17)#(0.39, 0.90, 1.79)#(-0.06, 1.07, 1.31)#(-0.11, 0.72, 1.12)#(-0.02, 0.70, 1.18)#(0.22, 0.78, 1.12)#(-0.19, 0.49, 1.27)#(-0.26, 0.47, 1.21)#(-0.05, 0.36, 1.35)#(-0.26, 0.47, 1.18)#(0.01, 0.35, 1.24)#(-0.07, 0.70, 1.19)#+@K#0#(0.02, 1.50, 1.48)#(-0.05, 1.41, 1.42)#(-0.05, 1.32, 1.40)#(-0.13, 1.27, 1.26)#(0.05, 1.13, 1.54)#(0.01, 1.05, 1.13)#(0.30, 0.99, 1.46)#(0.22, 1.07, 1.12)#(0.37, 0.96, 1.63)#(0.21, 1.09, 1.14)#(0.41, 0.94, 1.74)#(0.21, 1.07, 1.13)#(0.41, 0.93, 1.74)#(0.21, 1.14, 1.17)#(0.39, 0.90, 1.79)#(-0.06, 1.07, 1.31)#(-0.11, 0.72, 1.12)#(-0.02, 0.70, 1.18)#(0.22, 0.78, 1.12)#(-0.19, 0.49, 1.27)#(-0.26, 0.47, 1.21)#(-0.05, 0.36, 1.35)#(-0.26, 0.47, 1.18)#(0.01, 0.35, 1.24)#(-0.07, 0.70, 1.19)#+@

K#0#(0.01, 1.49, 1.48)#(-0.05, 1.40, 1.41)#(-0.05, 1.32, 1.39)#(-0.13, 1.26, 1.26)#(0.05, 1.12, 1.53)#(0.01, 1.06, 1.14)#(0.20, 0.98, 1.61)#(0.22, 1.07, 1.12)#(0.40, 0.97, 1.57)#(0.21, 1.09, 1.14)#(0.47, 0.96, 1.55)#(0.21, 1.06, 1.14)#(0.45, 0.97, 1.52)#(0.22, 1.14, 1.17)#(0.47, 0.97, 1.53)#(-0.06, 1.06, 1.31)#(-0.11, 0.72, 1.13)#(-0.02, 0.70, 1.18)#(0.22, 0.78, 1.12)#(-0.19, 0.48, 1.27)#(-0.26, 0.48, 1.21)#(-0.19, 0.08, 1.48)#(-0.26, 0.47, 1.18)#(-0.05, 0.06, 1.44)#(-0.07, 0.70, 1.19)#+@

K#0#(0.02, 1.49, 1.48)#(-0.05, 1.40, 1.41)#(-0.05, 1.32, 1.39)#(-0.13, 1.26, 1.26)#(0.05, 1.12, 1.53)#(0.01, 1.06, 1.13)#(0.19, 0.98, 1.61)#(0.22, 1.07, 1.12)#(0.39, 0.97, 1.52)#(0.21, 1.09, 1.14)#(0.46, 0.97, 1.51)#(0.21, 1.06, 1.16)#(0.44, 0.97, 1.48)#(0.22, 1.14, 1.17)#(0.46, 0.97, 1.49)#(-0.06, 1.06, 1.31)#(-0.11, 0.72, 1.13)#(-0.02, 0.70, 1.18)#(0.20, 0.78, 1.12)#(-0.19, 0.49, 1.27)#(-0.26, 0.48, 1.22)#(-0.18, 0.11, 1.47)#(-0.27, 0.47, 1.19)#(-0.07, 0.09, 1.43)#(-0.07, 0.70, 1.19)#+@

K#0#(0.02, 1.49, 1.48)#(-0.05, 1.40, 1.41)#(-0.05, 1.32, 1.39)#(-0.13, 1.26, 1.26)#(0.05, 1.12, 1.53)#(0.01, 1.06, 1.13)#(0.18, 0.97, 1.62)#(0.22, 1.07, 1.12)#(0.39, 0.97, 1.55)#(0.21, 1.09, 1.14)#(0.42, 0.97, 1.53)#(0.21, 1.06, 1.16)#(0.40, 0.97, 1.50)#(0.22, 1.14, 1.17)#(0.41, 0.97, 1.51)#(-0.06, 1.06, 1.31)#(-0.11, 0.72, 1.13)#(-0.02, 0.70, 1.18)#(0.22, 0.79, 1.12)#(-0.19, 0.49, 1.27)#(-0.26, 0.49, 1.22)#(-0.06, 0.35, 1.35)#(-0.26, 0.48, 1.18)#(0.00, 0.34, 1.24)#(-0.07, 0.70, 1.19)#+@

K#0#(0.02, 1.49, 1.48)#(-0.05, 1.40, 1.41)#(-0.05, 1.32, 1.39)#(-0.13, 1.26, 1.26)#(0.05, 1.13, 1.53)#(0.01, 1.06, 1.13)#(0.19, 0.97, 1.61)#(0.22, 1.07, 1.12)#(0.39, 0.98, 1.54)#(0.21, 1.09, 1.14)#(0.44, 0.97, 1.53)#(0.21, 1.06, 1.15)#(0.43, 0.97, 1.50)#(0.22, 1.14, 1.17)#(0.44, 0.97, 1.51)#(-0.06, 1.06, 1.31)#(-0.11, 0.72, 1.13)#(-0.03, 0.70, 1.18)#(0.20, 0.77, 1.12)#(-0.19, 0.49, 1.27)#(-0.27, 0.48, 1.22)#(-0.05, 0.35, 1.35)#(-0.27, 0.47, 1.18)#(0.01, 0.35, 1.24)#(-0.07, 0.70, 1.19)#+@K#0#(0.02, 1.49, 1.48)#(-0.05, 1.40, 1.41)#(-0.05, 1.32, 1.39)#(-0.13, 1.26, 1.26)#(0.05, 1.13, 1.53)#(0.01, 1.06, 1.13)#(0.19, 0.97, 1.61)#(0.22, 1.07, 1.12)#(0.39, 0.98, 1.54)#(0.21, 1.09, 1.14)#(0.44, 0.97, 1.53)#(0.21, 1.06, 1.15)#(0.43, 0.97, 1.50)#(0.22, 1.14, 1.17)#(0.44, 0.97, 1.51)#(-0.06, 1.06, 1.31)#(-0.11, 0.72, 1.13)#(-0.03, 0.70, 1.18)#(0.20, 0.77, 1.12)#(-0.19, 0.49, 1.27)#(-0.27, 0.48, 1.22)#(-0.05, 0.35, 1.35)#(-0.27, 0.47, 1.18)#(0.01, 0.35, 1.24)#(-0.07, 0.70, 1.19)#+@

K#0#(0.02, 1.49, 1.48)#(-0.05, 1.40, 1.41)#(-0.05, 1.32, 1.39)#(-0.13, 1.26, 1.26)#(0.05, 1.13, 1.53)#(0.01, 1.06, 1.13)#(0.18, 0.97, 1.62)#(0.22, 1.07, 1.12)#(0.39, 0.97, 1.56)#(0.21, 1.09, 1.14)#(0.46, 0.96, 1.55)#(0.21, 1.06, 1.14)#(0.45, 0.97, 1.48)#(0.22, 1.14, 1.17)#(0.45, 0.97, 1.50)#(-0.06, 1.06, 1.31)#(-0.11, 0.72, 1.13)#(-0.02, 0.70, 1.18)#(0.22, 0.78, 1.12)#(-0.19, 0.49, 1.27)#(-0.27, 0.50, 1.22)#(-0.17, 0.11, 1.48)#(-0.27, 0.50, 1.19)#(-0.06, 0.09, 1.43)#(-0.07, 0.70, 1.19)#+@

K#0#(0.02, 1.49, 1.48)#(-0.05, 1.40, 1.41)#(-0.05, 1.32, 1.39)#(-0.13, 1.26, 1.26)#(0.05, 1.13, 1.53)#(0.01, 1.05, 1.13)#(0.20, 0.98, 1.61)#(0.22, 1.07, 1.12)#(0.40, 0.96, 1.64)#(0.21, 1.09, 1.14)#(0.47, 0.95, 1.64)#(0.21, 1.06, 1.16)#(0.41, 0.96, 1.59)#(0.22, 1.14, 1.17)#(0.46, 0.96, 1.59)#(-0.06, 1.06, 1.31)#(-0.11, 0.72, 1.13)#(-0.02, 0.70, 1.18)#(0.21, 0.77, 1.12)#(-0.19, 0.49, 1.27)#(-0.27, 0.48, 1.22)#(-0.17, 0.11, 1.48)#(-0.27, 0.48, 1.18)#(-0.06, 0.09, 1.43)#(-0.07, 0.70, 1.19)#+@

K#0#(0.02, 1.49, 1.48)#(-0.05, 1.40, 1.41)#(-0.05, 1.32, 1.39)#(-0.13, 1.26, 1.26)#(0.05, 1.13, 1.53)#(0.01, 1.05, 1.13)#(0.19, 0.97, 1.61)#(0.22, 1.07, 1.12)#(0.40, 0.97, 1.57)#(0.21, 1.09, 1.14)#(0.47, 0.96, 1.55)#(0.21, 1.06, 1.13)#(0.46, 0.97, 1.52)#(0.22, 1.14, 1.17)#(0.47, 0.96, 1.54)#(-0.06, 1.06, 1.31)#(-0.11, 0.72, 1.13)#(-0.02, 0.70, 1.18)#(0.19, 0.80, 1.13)#(-0.19, 0.49, 1.27)#(-0.29, 0.51, 1.23)#(-0.21, 0.10, 1.47)#(-0.29, 0.51, 1.20)#(-0.10, 0.07, 1.43)#(-0.07, 0.70, 1.19)#+@

K#0#(0.02, 1.49, 1.48)#(-0.05, 1.40, 1.41)#(-0.05, 1.32, 1.39)#(-0.13, 1.26, 1.26)#(0.05, 1.13, 1.53)#(0.01, 1.05, 1.13)#(0.19, 0.98, 1.61)#(0.22, 1.07, 1.12)#(0.40, 0.97, 1.56)#(0.21, 1.09, 1.14)#(0.46, 0.96, 1.54)#(0.21, 1.06, 1.14)#(0.46, 0.97, 1.51)#(0.22, 1.14, 1.17)#(0.46, 0.97, 1.53)#(-0.06, 1.06, 1.31)#(-0.11, 0.72, 1.12)#(-0.02, 0.70, 1.18)#(0.22, 0.78, 1.12)#(-0.19, 0.49, 1.27)#(-0.26, 0.49, 1.21)#(-0.17, 0.11, 1.47)#(-0.27, 0.49, 1.18)#(-0.06, 0.09, 1.42)#(-0.07, 0.70, 1.19)#+@

@

@@

K#0#(0.01, 1.49, 1.48)#(-0.05, 1.40, 1.42)#(-0.05, 1.32, 1.39)#(-0.13, 1.26, 1.26)#(0.05, 1.13, 1.53)#(0.01, 1.05, 1.13)#(0.19, 0.97, 1.61)#(0.22, 1.07, 1.12)#(0.37, 1.00, 1.50)#(0.21, 1.09, 1.14)#(0.41, 1.01, 1.46)#(0.21, 1.06, 1.15)#(0.41, 1.01, 1.45)#(0.21, 1.14, 1.16)#(0.41, 1.01, 1.44)#(-0.06, 1.06, 1.31)#(-0.11, 0.71, 1.13)#(-0.02, 0.70, 1.18)#(0.22, 0.78, 1.12)#(-0.19, 0.49, 1.27)#(-0.25, 0.47, 1.22)#(-0.17, 0.11, 1.47)#(-0.26, 0.47, 1.19)#(-0.06, 0.09, 1.42)#(-0.07, 0.70, 1.19)#+@

K#0#(0.01, 1.49, 1.48)#(-0.05, 1.40, 1.42)#(-0.05, 1.32, 1.39)#(-0.13, 1.26, 1.26)#(0.05, 1.13, 1.53)#(0.01, 1.05, 1.14)#(0.19, 0.97, 1.61)#(0.22, 1.07, 1.12)#(0.36, 0.99, 1.48)#(0.21, 1.09, 1.14)#(0.39, 0.99, 1.46)#(0.21, 1.07, 1.12)#(0.39, 0.99, 1.45)#(0.21, 1.14, 1.16)#(0.39, 1.00, 1.43)#(-0.06, 1.06, 1.31)#(-0.11, 0.71, 1.13)#(-0.02, 0.70, 1.17)#(0.21, 0.78, 1.12)#(-0.19, 0.49, 1.27)#(-0.25, 0.47, 1.22)#(-0.16, 0.11, 1.47)#(-0.26, 0.47, 1.18)#(-0.05, 0.10, 1.42)#(-0.07, 0.70, 1.19)#+@

K#0#(0.01, 1.49, 1.48)#(-0.05, 1.40, 1.42)#(-0.05, 1.32, 1.39)#(-0.13, 1.26, 1.26)#(0.05, 1.13, 1.53)#(0.01, 1.05, 1.14)#(0.19, 0.97, 1.62)#(0.22, 1.07, 1.12)#(0.36, 0.99, 1.48)#(0.21, 1.09, 1.14)#(0.34, 0.99, 1.44)#(0.21, 1.06, 1.15)#(0.34, 0.99, 1.43)#(0.21, 1.14, 1.16)#(0.33, 0.99, 1.42)#(-0.06, 1.06, 1.31)#(-0.11, 0.71, 1.13)#(-0.02, 0.70, 1.17)#(0.21, 0.78, 1.12)#(-0.19, 0.49, 1.27)#(-0.25, 0.47, 1.22)#(-0.19, 0.11, 1.48)#(-0.26, 0.46, 1.18)#(-0.08, 0.09, 1.43)#(-0.07, 0.70, 1.19)#+@

K#0#(0.01, 1.49, 1.48)#(-0.05, 1.40, 1.42)#(-0.05, 1.32, 1.39)#(-0.13, 1.26, 1.26)#(0.05, 1.13, 1.53)#(0.01, 1.05, 1.14)#(0.19, 0.97, 1.61)#(0.22, 1.07, 1.12)#(0.40, 0.96, 1.57)#(0.21, 1.09, 1.14)#(0.47, 0.96, 1.57)#(0.21, 1.06, 1.15)#(0.48, 0.96, 1.56)#(0.22, 1.14, 1.16)#(0.47, 0.96, 1.54)#(-0.06, 1.06, 1.31)#(-0.11, 0.72, 1.13)#(-0.02, 0.70, 1.18)#(0.21, 0.78, 1.12)#(-0.19, 0.49, 1.27)#(-0.26, 0.47, 1.22)#(-0.19, 0.11, 1.50)#(-0.27, 0.47, 1.18)#(-0.08, 0.09, 1.46)#(-0.07, 0.70, 1.19)#+@

K#0#(0.01, 1.49, 1.48)#(-0.05, 1.40, 1.42)#(-0.05, 1.32, 1.39)#(-0.13, 1.26, 1.26)#(0.05, 1.13, 1.53)#(0.01, 1.05, 1.14)#(0.19, 0.98, 1.61)#(0.22, 1.07, 1.12)#(0.39, 0.96, 1.57)#(0.21, 1.09, 1.14)#(0.46, 0.96, 1.57)#(0.21, 1.06, 1.15)#(0.46, 0.96, 1.56)#(0.22, 1.14, 1.17)#(0.46, 0.96, 1.54)#(-0.06, 1.06, 1.31)#(-0.11, 0.71, 1.13)#(-0.02, 0.70, 1.18)#(0.21, 0.77, 1.12)#(-0.19, 0.48, 1.27)#(-0.27, 0.47, 1.22)#(-0.05, 0.34, 1.35)#(-0.27, 0.47, 1.19)#(0.01, 0.34, 1.24)#(-0.07, 0.70, 1.19)#+@

K#0#(0.01, 1.49, 1.48)#(-0.05, 1.40, 1.42)#(-0.05, 1.32, 1.39)#(-0.13, 1.26, 1.26)#(0.05, 1.13, 1.53)#(0.01, 1.05, 1.14)#(0.19, 0.97, 1.61)#(0.22, 1.07, 1.12)#(0.38, 0.98, 1.53)#(0.21, 1.09, 1.14)#(0.45, 0.99, 1.50)#(0.21, 1.06, 1.14)#(0.44, 0.99, 1.47)#(0.22, 1.14, 1.17)#(0.44, 0.99, 1.46)#(-0.06, 1.06, 1.31)#(-0.11, 0.72, 1.13)#(-0.02, 0.70, 1.18)#(0.21, 0.78, 1.12)#(-0.19, 0.48, 1.27)#(-0.27, 0.48, 1.22)#(-0.05, 0.35, 1.35)#(-0.27, 0.48, 1.18)#(0.01, 0.34, 1.24)#(-0.07, 0.70, 1.19)#+@K#0#(0.01, 1.49, 1.48)#(-0.05, 1.40, 1.42)#(-0.05, 1.32, 1.39)#(-0.13, 1.26, 1.26)#(0.05, 1.13, 1.53)#(0.01, 1.05, 1.14)#(0.19, 0.97, 1.61)#(0.22, 1.07, 1.12)#(0.38, 0.98, 1.53)#(0.21, 1.09, 1.14)#(0.45, 0.99, 1.50)#(0.21, 1.06, 1.14)#(0.44, 0.99, 1.47)#(0.22, 1.14, 1.17)#(0.44, 0.99, 1.46)#(-0.06, 1.06, 1.31)#(-0.11, 0.72, 1.13)#(-0.02, 0.70, 1.18)#(0.21, 0.78, 1.12)#(-0.19, 0.48, 1.27)#(-0.27, 0.48, 1.22)#(-0.05, 0.35, 1.35)#(-0.27, 0.48, 1.18)#(0.01, 0.34, 1.24)#(-0.07, 0.70, 1.19)#+@

K#0#(0.01, 1.49, 1.48)#(-0.05, 1.40, 1.42)#(-0.05, 1.32, 1.39)#(-0.13, 1.26, 1.26)#(0.05, 1.13, 1.53)#(0.01, 1.05, 1.14)#(0.19, 0.97, 1.61)#(0.22, 1.07, 1.12)#(0.36, 1.00, 1.48)#(0.21, 1.09, 1.14)#(0.40, 1.00, 1.46)#(0.21, 1.06, 1.15)#(0.40, 1.00, 1.45)#(0.22, 1.14, 1.17)#(0.39, 1.00, 1.44)#(-0.07, 1.06, 1.32)#(-0.12, 0.72, 1.13)#(-0.04, 0.69, 1.18)#(0.21, 0.78, 1.12)#(-0.19, 0.48, 1.27)#(-0.26, 0.47, 1.22)#(-0.05, 0.35, 1.35)#(-0.27, 0.47, 1.18)#(0.00, 0.35, 1.24)#(-0.09, 0.70, 1.20)#+@

K#0#(0.01, 1.49, 1.48)#(-0.05, 1.40, 1.42)#(-0.06, 1.32, 1.39)#(-0.13, 1.26, 1.26)#(0.05, 1.13, 1.53)#(0.01, 1.05, 1.14)#(0.19, 0.97, 1.61)#(0.22, 1.07, 1.12)#(0.35, 0.98, 1.47)#(0.21, 1.09, 1.14)#(0.34, 0.99, 1.45)#(0.21, 1.06, 1.15)#(0.34, 0.99, 1.43)#(0.22, 1.14, 1.17)#(0.33, 0.99, 1.40)#(-0.06, 1.06, 1.32)#(-0.11, 0.71, 1.13)#(-0.03, 0.70, 1.18)#(0.19, 0.78, 1.13)#(-0.19, 0.48, 1.27)#(-0.28, 0.48, 1.23)#(-0.05, 0.35, 1.35)#(-0.29, 0.48, 1.19)#(0.01, 0.35, 1.24)#(-0.07, 0.70, 1.19)#+@

K#0#(0.01, 1.49, 1.48)#(-0.05, 1.40, 1.42)#(-0.05, 1.32, 1.39)#(-0.13, 1.26, 1.26)#(0.05, 1.13, 1.53)#(0.01, 1.05, 1.14)#(0.19, 0.97, 1.61)#(0.22, 1.07, 1.12)#(0.36, 0.98, 1.49)#(0.21, 1.09, 1.14)#(0.39, 1.00, 1.46)#(0.21, 1.06, 1.15)#(0.40, 1.00, 1.47)#(0.21, 1.14, 1.16)#(0.39, 1.00, 1.45)#(-0.06, 1.06, 1.32)#(-0.11, 0.72, 1.13)#(-0.02, 0.70, 1.18)#(0.23, 0.79, 1.11)#(-0.19, 0.48, 1.27)#(-0.25, 0.49, 1.22)#(-0.23, 0.06, 1.51)#(-0.25, 0.48, 1.18)#(-0.07, 0.03, 1.48)#(-0.07, 0.70, 1.19)#+@

K#0#(0.01, 1.49, 1.48)#(-0.05, 1.40, 1.42)#(-0.05, 1.32, 1.39)#(-0.13, 1.26, 1.26)#(0.05, 1.13, 1.53)#(0.01, 1.05, 1.14)#(0.19, 0.97, 1.61)#(0.22, 1.07, 1.12)#(0.40, 0.96, 1.57)#(0.21, 1.09, 1.14)#(0.47, 0.96, 1.57)#(0.21, 1.06, 1.15)#(0.46, 0.96, 1.55)#(0.21, 1.14, 1.17)#(0.46, 0.96, 1.55)#(-0.06, 1.06, 1.32)#(-0.11, 0.72, 1.13)#(-0.02, 0.70, 1.18)#(0.21, 0.78, 1.12)#(-0.19, 0.48, 1.27)#(-0.26, 0.47, 1.22)#(-0.17, 0.11, 1.47)#(-0.26, 0.47, 1.18)#(-0.06, 0.09, 1.42)#(-0.07, 0.70, 1.19)#+@

K#0#(0.01, 1.49, 1.48)#(-0.05, 1.40, 1.42)#(-0.05, 1.32, 1.39)#(-0.13, 1.26, 1.26)#(0.05, 1.13, 1.53)#(0.01, 1.05, 1.14)#(0.30, 1.01, 1.60)#(0.22, 1.07, 1.12)#(0.49, 0.91, 1.67)#(0.21, 1.09, 1.14)#(0.58, 0.86, 1.68)#(0.21, 1.06, 1.15)#(0.59, 0.87, 1.68)#(0.22, 1.14, 1.17)#(0.53, 0.87, 1.62)#(-0.06, 1.06, 1.32)#(-0.11, 0.71, 1.13)#(-0.02, 0.70, 1.17)#(0.21, 0.78, 1.12)#(-0.19, 0.48, 1.27)#(-0.27, 0.48, 1.22)#(-0.18, 0.11, 1.47)#(-0.27, 0.47, 1.18)#(-0.07, 0.09, 1.43)#(-0.07, 0.70, 1.19)#+@K#0#(0.01, 1.49, 1.48)#(-0.05, 1.40, 1.42)#(-0.05, 1.32, 1.39)#(-0.13, 1.26, 1.26)#(0.05, 1.13, 1.53)#(0.01, 1.05, 1.14)#(0.30, 1.01, 1.60)#(0.22, 1.07, 1.12)#(0.49, 0.91, 1.67)#(0.21, 1.09, 1.14)#(0.58, 0.86, 1.68)#(0.21, 1.06, 1.15)#(0.59, 0.87, 1.68)#(0.22, 1.14, 1.17)#(0.53, 0.87, 1.62)#(-0.06, 1.06, 1.32)#(-0.11, 0.71, 1.13)#(-0.02, 0.70, 1.17)#(0.21, 0.78, 1.12)#(-0.19, 0.48, 1.27)#(-0.27, 0.48, 1.22)#(-0.18, 0.11, 1.47)#(-0.27, 0.47, 1.18)#(-0.07, 0.09, 1.43)#(-0.07, 0.70, 1.19)#+@

K#0#(0.01, 1.49, 1.48)#(-0.05, 1.40, 1.42)#(-0.05, 1.32, 1.39)#(-0.13, 1.26, 1.26)#(0.05, 1.13, 1.54)#(0.01, 1.05, 1.14)#(0.19, 0.98, 1.61)#(0.22, 1.07, 1.12)#(0.39, 0.96, 1.60)#(0.21, 1.09, 1.14)#(0.46, 0.96, 1.60)#(0.21, 1.07, 1.12)#(0.46, 0.96, 1.59)#(0.22, 1.14, 1.16)#(0.47, 0.96, 1.55)#(-0.06, 1.06, 1.32)#(-0.11, 0.71, 1.14)#(-0.02, 0.70, 1.17)#(0.22, 0.78, 1.12)#(-0.19, 0.48, 1.27)#(-0.25, 0.48, 1.22)#(-0.18, 0.11, 1.47)#(-0.26, 0.47, 1.18)#(-0.07, 0.08, 1.43)#(-0.07, 0.70, 1.19)#+@

K#0#(0.01, 1.49, 1.48)#(-0.05, 1.40, 1.42)#(-0.05, 1.32, 1.39)#(-0.13, 1.26, 1.26)#(0.05, 1.13, 1.54)#(0.01, 1.05, 1.14)#(0.26, 0.99, 1.61)#(0.22, 1.07, 1.12)#(0.46, 0.93, 1.62)#(0.21, 1.09, 1.14)#(0.53, 0.91, 1.62)#(0.21, 1.06, 1.13)#(0.54, 0.91, 1.60)#(0.21, 1.14, 1.16)#(0.50, 0.92, 1.54)#(-0.06, 1.06, 1.32)#(-0.11, 0.71, 1.14)#(-0.02, 0.70, 1.17)#(0.20, 0.78, 1.13)#(-0.19, 0.48, 1.27)#(-0.27, 0.47, 1.21)#(-0.18, 0.11, 1.48)#(-0.27, 0.47, 1.18)#(-0.07, 0.09, 1.43)#(-0.07, 0.70, 1.19)#+@K#0#(0.01, 1.49, 1.48)#(-0.05, 1.40, 1.42)#(-0.05, 1.32, 1.39)#(-0.13, 1.26, 1.26)#(0.05, 1.13, 1.54)#(0.01, 1.05, 1.14)#(0.26, 0.99, 1.61)#(0.22, 1.07, 1.12)#(0.46, 0.93, 1.62)#(0.21, 1.09, 1.14)#(0.53, 0.91, 1.62)#(0.21, 1.06, 1.13)#(0.54, 0.91, 1.60)#(0.21, 1.14, 1.16)#(0.50, 0.92, 1.54)#(-0.06, 1.06, 1.32)#(-0.11, 0.71, 1.14)#(-0.02, 0.70, 1.17)#(0.20, 0.78, 1.13)#(-0.19, 0.48, 1.27)#(-0.27, 0.47, 1.21)#(-0.18, 0.11, 1.48)#(-0.27, 0.47, 1.18)#(-0.07, 0.09, 1.43)#(-0.07, 0.70, 1.19)#+@